0101010101010101010101010101010101010101010101010101010101010101
101101110010110101011110101010101011011001101000
101100110010110100011110001010111011111001101000
001100111110010110101010000110110101111010101100
011010101100000111101011110110110101100010011101
110010101101000011101101110101011100100111010101
110011011101011011100101110101001100001111110111
111011010001111001010101111011101010001101110011
101101010011111000011100001011101010111101100010
101101010111111100011000001011101011111000100110
001101110110100110011011011010100111111000001100
001110100110100110101011011100110101110100001101
010110101101001110100011010101010101100110011111
010011101001001011110111110101010110000111011011
110011001011111001110100101101011010010111110011
110101011011111101010100101011001011011011110010
111101010010111101010110101010101011011001111010
